multipliers: 1, 1.3333333333333, 2.6666666666667, 2, 0, 3, 1.6666666666667, 2.3333333333333, 
control lines: 3, 8, 6, 
multipliers: 1, 3, 2, 0, 1.3333333333333, 2.3333333333333, 2.6666666666667, 1.6666666666667, 
control lines: 1, 2, 5, 
multipliers: 1, 2, 3, 0, 
control lines: 7, 4, 
multipliers: 1, 1.3333333333333, 1.6666666666667, 2, 2.6666666666667, 3, 0, 2.3333333333333, 
control lines: 5, 6, 1, 
multipliers: 1, 2.6666666666667, 2.3333333333333, 1.6666666666667, 2, 3, 0, 1.3333333333333, 
control lines: 8, 4, 2, 
multipliers: 1, 0, 2, 3, 
control lines: 7, 3, 
